﻿;Unnamed: 0;Ja;En;Kunyomi;Onyomi;Frequency Rank;Cumulative Freq. Pct.;Frequency Pct.;JLPT Level;WK Level;Item Type;Tags
667;667;晩;nightfall,night;;ばん;661;95.01282384;0.0146881;N5;15;K;p4
668;668;潰;crush,smash,break,dissipate;つぶす;かい;661;95.02751195;0.0146881;;-1;K;p4
669;669;独;single,alone,spontaneously,Germany;ひとり;どく;661;95.04220005;0.0146881;N3;26;K;p4
670;670;甘;sweet,coax,pamper,be content,sugary;あまい;かん;661;95.05688816;0.0146881;N5;36;K;p4
671;671;示;show,indicate,point out,express,display;しめす;じ;661;95.07157626;0.0146881;N3;22;K;p4
672;672;票;ballot,label,ticket,sign;;ひょう;661;95.08626436;0.0146881;N1;25;K;p4
673;673;程;extent,degree,law,formula,distance,limits,amount;ほど;てい;661;95.10095247;0.0146881;N3;28;K;p4
674;674;童;juvenile,child;わらべ;どう;661;95.11564057;0.0146881;N2;12;K;p4
675;675;詳;detailed,full,minute,accurate,well-informed;くわしい;しょう;661;95.13032867;0.0146881;N3;17;K;p4
676;676;首;neck,counter for songs and poems;くび;しゅ;661;95.14501678;0.0146881;N4;6;K;p4
677;677;香;incense,smell,perfume;か;こう;661;95.15970488;0.0146881;N3;37;K;p4
678;678;両;both,old Japanese coin,counter for carriages (e.g.,two;てる;りょう;679;95.17382806;0.01412318;N4;6;K;p4
679;679;光;ray,light;ひかる;こう;679;95.18795124;0.01412318;N4;5;K;p4
680;680;娘;daughter,girl;むすめ;じょう;679;95.20207441;0.01412318;N4;29;K;p4
681;681;投;throw,discard,abandon,launch into,join,invest in,hurl,give up,sell at a loss;なげる;とう;679;95.21619759;0.01412318;N3;25;K;p4
682;682;担;shouldering,carry,raise,bear;かつぐ;たん;679;95.23032077;0.01412318;N3;24;K;p4
683;683;極;poles,settlement,conclusion,end,highest rank,electric poles,very,extremely,most,highly,10**48;きわめる;きょく;679;95.24444394;0.01412318;N4;8;K;p4
684;684;汗;sweat,perspire;あせ;かん;679;95.25856712;0.01412318;N3;26;K;p4
685;685;祖;ancestor,pioneer,founder;;そ;679;95.2726903;0.01412318;N4;10;K;p4
686;686;筋;muscle,sinew,tendon,fiber,plot,plan,descent;すじ;きん;679;95.28681347;0.01412318;N3;33;K;p4
687;687;系;lineage,system;;けい;679;95.30093665;0.01412318;N1;30;K;p4
688;688;険;precipitous,inaccessible place,impregnable position,steep place,sharp eyes;けわしい;けん;679;95.31505983;0.01412318;;-1;K;p4
689;689;届;deliver,reach,arrive,report,notify,forward;とどける;かい;690;95.32861808;0.01355825;N4;26;K;p4
690;690;恋;romance,in love,yearn for,miss,darling;こう;れん;690;95.34217633;0.01355825;N3;17;K;p4
691;691;抱;embrace,hug,hold in arms;だく;ほう;690;95.35573457;0.01355825;N3;37;K;p4
692;692;拠;foothold,based on,follow,therefore;よる;きょ;690;95.36929282;0.01355825;N2;41;K;p4
693;693;求;request,want,wish for,require,demand;もとめる;きゅう;690;95.38285107;0.01355825;N3;10;K;p4
694;694;涙;tears,sympathy;なみだ;るい;690;95.39640932;0.01355825;N3;44;K;p4
695;695;石;stone;いし;せき;690;95.40996757;0.01355825;N4;4;K;p4
696;696;端;edge,origin,end,point,border,verge,cape;はし;たん;690;95.42352582;0.01355825;N3;27;K;p4
697;697;胸;bosom,breast,chest,heart,feelings;むね;きょう;690;95.43708407;0.01355825;N3;18;K;p4
698;698;芽;bud,sprout,spear,germ;め;が;690;95.45064232;0.01355825;N3;44;K;p4
699;699;袋;sack,bag,pouch;ふくろ;たい;690;95.46420057;0.01355825;N3;42;K;p4
700;700;丸;round,full (month),perfection,-ship,pills,make round,roll up,curl up,seduce,explain away;まる;がん;701;95.47719389;0.01299332;N3;2;K;p4
701;701;傷;wound,hurt,injure,impair,pain,injury,cut,gash,scar,weak point;きず;しょう;701;95.49018722;0.01299332;N3;32;K;p4
702;702;器;utensil,vessel,receptacle,implement,instrument,ability,container,tool,set;うつわ;き;701;95.50318054;0.01299332;N1;13;K;p4
703;703;宜;best regards,good;よろしい;ぎ;701;95.51617386;0.01299332;N5;11;K;p4
704;704;歳;year-end,age,occasion,opportunity;とし;さい;701;95.52916718;0.01299332;N5;4;K;p4
705;705;段;grade,steps,stairs;;だん;701;95.54216051;0.01299332;N5;27;K;p4
706;706;毒;poison,virus,venom,germ,harm,injury,spite;;どく;701;95.55515383;0.01299332;N3;15;K;p4
707;707;疎;alienate,rough,neglect,shun,sparse,penetrate;うとい;そ;701;95.56814715;0.01299332;N1;56;K;p4
708;708;筈;notch of an arrow,ought,must,should be,expected;はず;かつ;701;95.58114047;0.01299332;;-1;K;p4
709;709;箱;box,chest,case,bin,railway car;はこ;そう;701;95.5941338;0.01299332;N5;16;K;p4
710;710;節;node,season,period,occasion,verse,clause,stanza,honor,joint,knuckle,knob,knot,tune,melody;ふし;せつ;701;95.60712712;0.01299332;;-1;K;p4
711;711;舞;dance,flit,circle,wheel;まう;ぶ;701;95.62012044;0.01299332;N3;36;K;p4
712;712;英;England,English,hero,outstanding,calyx;はなぶさ;えい;701;95.63311377;0.01299332;N5;15;K;p4
713;713;資;assets,resources,capital,funds,data,be conducive to,contribute to;;し;701;95.64610709;0.01299332;N2;21;K;p4
714;714;路;path,route,road,distance;じ;ろ;701;95.65910041;0.01299332;N5;8;K;p4
715;715;迫;urge,force,imminent,spur on;せまる;はく;701;95.67209373;0.01299332;N1;27;K;p4
716;716;値;price,cost,value;ね;ち;717;95.68452213;0.0124284;N3;22;K;p4
717;717;偉;admirable,greatness,remarkable,conceited,famous,excellent;えらい;い;717;95.69695052;0.0124284;N3;51;K;p4
718;718;奇;strange,strangeness,curiosity;くしき;き;717;95.70937892;0.0124284;N5;29;K;p4
719;719;封;seal,closing;;ふう;717;95.72180731;0.0124284;N1;43;K;p4
720;720;工;craft,construction,katakana e radical (no. 48);;こう;717;95.73423571;0.0124284;N4;8;K;p4
721;721;改;reformation,change,modify,mend,renew,examine,inspect,search;あらためる;かい;717;95.74666411;0.0124284;N3;19;K;p4
722;722;毛;fur,hair,feather,down;け;もう;717;95.75909250000001;0.0124284;N4;3;K;p4
723;723;泉;spring,fountain;いずみ;せん;717;95.7715209;0.0124284;N3;12;K;p4
724;724;球;ball,sphere;たま;きゅう;717;95.78394929;0.0124284;N3;2;K;p4
725;725;禁;prohibition,ban,forbid;;きん;717;95.79637769;0.0124284;N3;18;K;p4
726;726;移;shift,move,change,drift,catch (cold,pass into;うつる;い;717;95.80880608;0.0124284;N1;28;K;p4
727;727;級;class,rank,grade;;きゅう;717;95.82123448;0.0124284;;-1;K;p4
728;728;紹;introduce,inherit,help;;しょう;717;95.83366287;0.0124284;N4;35;K;p4
729;729;義;righteousness,justice,morality,honor,loyalty,meaning;;ぎ;717;95.84609127;0.0124284;N3;21;K;p4
730;730;職;post,employment,work;;しょく;717;95.85851967;0.0124284;N3;23;K;p4
731;731;観;outlook,look,appearance,condition,view;みる;かん;717;95.87094806;0.0124284;N3;22;K;p4
732;732;論;argument,discourse;あげつらう;ろん;717;95.88337646;0.0124284;N3;20;K;p4
733;733;踪;remains,clue,footprint;あと;そう;717;95.89580485;0.0124284;;-1;K;p4
734;734;非;un-,mistake,negative,injustice,non-;あらず;ひ;717;95.90823325;0.0124284;N4;54;K;p4
735;735;刻;engrave,cut fine,chop,hash,mince,time,carving;きざむ;こく;736;95.92009672;0.01186347;N3;7;K;p4
736;736;密;secrecy,density (pop),minuteness,carefulness;ひそか;みつ;736;95.93196018;0.01186347;N1;32;K;p4
737;737;帯;sash,belt,obi,zone,region;おびる;たい;736;95.94382365;0.01186347;N3;31;K;p4
738;738;挑;challenge,contend for,make love to;いどむ;ちょう;736;95.95568712;0.01186347;N1;42;K;p4
739;739;昼;daytime,noon;ひる;ちゅう;736;95.96755059;0.01186347;N5;15;K;p4
740;740;案;plan,suggestion,draft,ponder,fear,proposition,idea,expectation,worry,table,bench;つくえ;あん;736;95.97941406;0.01186347;N5;32;K;p4
741;741;留;detain,fasten,halt,stop;とめる;りゅう;736;95.99127753;0.01186347;N3;16;K;p4
